1, -0.0196850393, -0.0196850393
      2, 0.0196850393, -0.0196850393
      3, -0.0196850393, 0.0196850393
      4, 0.0196850393, 0.0196850393
      5, -0.0393700786, 0.0393700786
      6, 0.0393700786, 0.0393700786
      7, -0.0393700786, -0.0590551198
      8, 0.0393700786, -0.0590551198
      9, -0.0164042003, -0.0196850393
     10, -0.0131233595, -0.0196850393
     11, -0.00984251965, -0.0196850393
     12, -0.00656167977, -0.0196850393
     13, -0.00328083988, -0.0196850393
     14,           0., -0.0196850393
     15, 0.00328083988, -0.0196850393
     16, 0.00656167977, -0.0196850393
     17, 0.00984251965, -0.0196850393
     18, 0.0131233595, -0.0196850393
     19, 0.0164042003, -0.0196850393
     20, -0.0196850393, -0.0164042003
     21, -0.0196850393, -0.0131233595
     22, -0.0196850393, -0.00984251965
     23, -0.0196850393, -0.00656167977
     24, -0.0196850393, -0.00328083988
     25, -0.0196850393,           0.
     26, -0.0196850393, 0.00328083988
     27, -0.0196850393, 0.00656167977
     28, -0.0196850393, 0.00984251965
     29, -0.0196850393, 0.0131233595
     30, -0.0196850393, 0.0164042003
     31, -0.0164042003, 0.0196850393
     32, -0.0131233595, 0.0196850393
     33, -0.00984251965, 0.0196850393
     34, -0.00656167977, 0.0196850393
     35, -0.00328083988, 0.0196850393
     36,           0., 0.0196850393
     37, 0.00328083988, 0.0196850393
     38, 0.00656167977, 0.0196850393
     39, 0.00984251965, 0.0196850393
     40, 0.0131233595, 0.0196850393
     41, 0.0164042003, 0.0196850393
     42, 0.0196850393, -0.0164042003
     43, 0.0196850393, -0.0131233595
     44, 0.0196850393, -0.00984251965
     45, 0.0196850393, -0.00656167977
     46, 0.0196850393, -0.00328083988
     47, 0.0196850393,           0.
     48, 0.0196850393, 0.00328083988
     49, 0.0196850393, 0.00656167977
     50, 0.0196850393, 0.00984251965
     51, 0.0196850393, 0.0131233595
     52, 0.0196850393, 0.0164042003
     53, -0.0360892378, 0.0393700786
     54, -0.0328084007, 0.0393700786
     55, -0.0295275599, 0.0393700786
     56, -0.0262467191, 0.0393700786
     57, -0.0229658801, 0.0393700786
     58, -0.0196850393, 0.0393700786
     59, -0.0164042003, 0.0393700786
     60, -0.0131233595, 0.0393700786
     61, -0.00984251965, 0.0393700786
     62, -0.00656167977, 0.0393700786
     63, -0.00328083988, 0.0393700786
     64,           0., 0.0393700786
     65, 0.00328083988, 0.0393700786
     66, 0.00656167977, 0.0393700786
     67, 0.00984251965, 0.0393700786
     68, 0.0131233595, 0.0393700786
     69, 0.0164042003, 0.0393700786
     70, 0.0196850393, 0.0393700786
     71, 0.0229658801, 0.0393700786
     72, 0.0262467191, 0.0393700786
     73, 0.0295275599, 0.0393700786
     74, 0.0328084007, 0.0393700786
     75, 0.0360892378, 0.0393700786
     76, -0.0393700786, -0.0557742789
     77, -0.0393700786, -0.0524934381
     78, -0.0393700786, -0.0492125973
     79, -0.0393700786, -0.0459317602
     80, -0.0393700786, -0.0426509194
     81, -0.0393700786, -0.0393700786
     82, -0.0393700786, -0.0360892378
     83, -0.0393700786, -0.0328084007
     84, -0.0393700786, -0.0295275599
     85, -0.0393700786, -0.0262467191
     86, -0.0393700786, -0.0229658801
     87, -0.0393700786, -0.0196850393
     88, -0.0393700786, -0.0164042003
     89, -0.0393700786, -0.0131233595
     90, -0.0393700786, -0.00984251965
     91, -0.0393700786, -0.00656167977
     92, -0.0393700786, -0.00328083988
     93, -0.0393700786, -1.99999739e-11
     94, -0.0393700786, 0.00328083988
     95, -0.0393700786, 0.00656167977
     96, -0.0393700786, 0.00984251965
     97, -0.0393700786, 0.0131233595
     98, -0.0393700786, 0.0164042003
     99, -0.0393700786, 0.0196850393
    100, -0.0393700786, 0.0229658801
    101, -0.0393700786, 0.0262467191
    102, -0.0393700786, 0.0295275599
    103, -0.0393700786, 0.0328084007
    104, -0.0393700786, 0.0360892378
    105, -0.0360892378, -0.0590551198
    106, -0.0328084007, -0.0590551198
    107, -0.0295275599, -0.0590551198
    108, -0.0262467191, -0.0590551198
    109, -0.0229658801, -0.0590551198
    110, -0.0196850393, -0.0590551198
    111, -0.0164042003, -0.0590551198
    112, -0.0131233595, -0.0590551198
    113, -0.00984251965, -0.0590551198
    114, -0.00656167977, -0.0590551198
    115, -0.00328083988, -0.0590551198
    116,           0., -0.0590551198
    117, 0.00328083988, -0.0590551198
    118, 0.00656167977, -0.0590551198
    119, 0.00984251965, -0.0590551198
    120, 0.0131233595, -0.0590551198
    121, 0.0164042003, -0.0590551198
    122, 0.0196850393, -0.0590551198
    123, 0.0229658801, -0.0590551198
    124, 0.0262467191, -0.0590551198
    125, 0.0295275599, -0.0590551198
    126, 0.0328084007, -0.0590551198
    127, 0.0360892378, -0.0590551198
    128, 0.0393700786, 0.0360892378
    129, 0.0393700786, 0.0328084007
    130, 0.0393700786, 0.0295275599
    131, 0.0393700786, 0.0262467191
    132, 0.0393700786, 0.0229658801
    133, 0.0393700786, 0.0196850393
    134, 0.0393700786, 0.0164042003
    135, 0.0393700786, 0.0131233595
    136, 0.0393700786, 0.00984251965
    137, 0.0393700786, 0.00656167977
    138, 0.0393700786, 0.00328083988
    139, 0.0393700786, -2.00000363e-11
    140, 0.0393700786, -0.00328083988
    141, 0.0393700786, -0.00656167977
    142, 0.0393700786, -0.00984251965
    143, 0.0393700786, -0.0131233595
    144, 0.0393700786, -0.0164042003
    145, 0.0393700786, -0.0196850393
    146, 0.0393700786, -0.0229658801
    147, 0.0393700786, -0.0262467191
    148, 0.0393700786, -0.0295275599
    149, 0.0393700786, -0.0328084007
    150, 0.0393700786, -0.0360892378
    151, 0.0393700786, -0.0393700786
    152, 0.0393700786, -0.0426509194
    153, 0.0393700786, -0.0459317602
    154, 0.0393700786, -0.0492125973
    155, 0.0393700786, -0.0524934381
    156, 0.0393700786, -0.0557742789
    157, -0.0225689244, -0.0179207847
    158, -0.0179207847, 0.0225689244
    159, 0.0225689244, 0.0179207847
    160, 0.0179416277, -0.0225841999
    161, -0.018014729, -0.0226892084
    162, -0.0228395108, 0.0181012731
    163, 0.0181012731, 0.0228395108
    164, 0.0228395108, -0.0181012731
    165, -0.0213259403, -0.0562134385
    166, -0.0279044788, -0.0561998338
    167, -0.0246121585, -0.0562090985
    168, -0.0180447791, -0.0562136993
    169, -0.00820210017, -0.0562138297
    170, 0.00164041994, -0.0562138297
    171, -0.0246068425, 0.0365260057
    172, -0.0213255491, 0.0365283266
    173, -0.0180446338, 0.0365287103
    174, -0.0147637818, 0.0365287773
    175, -0.0114829401, 0.0365287885
    176, -0.00820210017, 0.0365287885
    177, -0.00492125982, 0.0365287885
    178, -0.00164041994, 0.0365287885
    179, 0.00164041994, 0.0365287885
    180, 0.00492125982, 0.0365287885
    181, 0.00820210017, 0.0365287885
    182, 0.0114829401, 0.0365287885
    183, 0.0147637799, 0.0365287885
    184, 0.0180446189, 0.0365287885
    185, 0.0213254597, 0.0365287885
    186, 0.0246062987, 0.0365287885
    187, 0.0279335249, 0.0364750959
    188, 0.0312139951, 0.0364217348
    189, -0.0313326828, -0.0561364554
    190, -0.0147638181, -0.0562137961
    191, -0.0114829456, -0.0562138222
    192, -0.00492125982, -0.0562138297
    193, -0.00164041994, -0.0562138297
    194, 0.00492125982, -0.0562138297
    195, 0.00820210017, -0.0562138297
    196, 0.0114829401, -0.0562138297
    197, 0.0147637799, -0.0562138297
    198, 0.0180446189, -0.0562138297
    199, 0.0213254597, -0.0562138297
    200, 0.0278757978, -0.056216646
    201,  0.031185234, -0.0561084971
    202, 0.0344627723, -0.0561062992
    203, -0.0311635248, 0.0364366509
    204, -0.0278971624, 0.0364834145
    205, -0.034937568, -0.0561045632
    206, 0.0246027894, -0.0562147014
    207, -0.0365287885, -0.041010499
    208, -0.0365287885, -0.0377296582
    209, -0.0365287885, -0.0344488174
    210, -0.0365287885, -0.0311679784
    211, -0.0365287885, -0.0278871395
    212, -0.0365287885, -0.0246062987
    213, -0.0365287885, -0.0213254597
    214, -0.0365287885, -0.0180446189
    215, -0.0365287885, -0.0147637799
    216, -0.0365287885, -0.0114829401
    217, -0.0365287885, -0.00820210017
    218, -0.0365287885, -0.00492125982
    219, -0.0365287885, -0.00164041994
    220, -0.0365287885, 0.00164041994
    221, -0.0365287885, 0.00492125982
    222, -0.0365287885, 0.00820210017
    223, -0.0365287885, 0.0114829401
    224, -0.0365287885, 0.0147637799
    225, -0.0365287885, 0.0180446189
    226, -0.0365287885, 0.0213254597
    227, -0.0365287885, 0.0246062987
    228, -0.0365041941, 0.0278977733
    229, -0.0364132226, 0.0313105807
    230, -0.0364011228, 0.0349051692
    231,  0.036453709, 0.0348827951
    232, 0.0365290865, 0.0246082153
    233, 0.0365288481, 0.0213258304
    234, 0.0365287997, 0.0180446897
    235, 0.0365287922,  0.014763793
    236, 0.0365287885, 0.0114829419
    237, 0.0365287885, 0.00820210017
    238, 0.0365287885, 0.00492125982
    239, 0.0365287885, 0.00164041994
    240, 0.0365287885, -0.00164041994
    241, 0.0365287885, -0.00492125982
    242, 0.0365287885, -0.00820210017
    243, 0.0365287885, -0.0114829401
    244, 0.0365287885, -0.0147637799
    245, 0.0365287885, -0.0180446189
    246, 0.0365287885, -0.0213254597
    247, 0.0365287885, -0.0246062987
    248, 0.0365287885, -0.0278871395
    249, 0.0365287885, -0.0311679784
    250, 0.0365287885, -0.0377296582
    251, 0.0365287885, -0.041010499
    252, 0.0365251489, -0.0442917198
    253, 0.0364685208, -0.047574956
    254, 0.0363355577, -0.0508276597
    255, 0.0364358611, 0.0313215367
    256, 0.0365041941, 0.0279180054
    257, 0.0114829401, -0.0225263294
    258, 0.00164041994, -0.0225263294
    259, -0.0225263294, -0.0114829401
    260, -0.0225263294, -0.00164041994
    261, -0.0225263294, 0.00164041994
    262, -0.0225263294, 0.00492125982
    263, -0.0225263294, 0.00820210017
    264, -0.0225321185, 0.0114821168
    265, -0.022586247, 0.0147721246
    266, -0.0114829401, 0.0225263294
    267, -0.00164041994, 0.0225263294
    268, 0.00164041994, 0.0225263294
    269, 0.00492125982, 0.0225263294
    270, 0.00820210017, 0.0225263294
    271, 0.0114821168, 0.0225321185
    272, 0.0147721246,  0.022586247
    273, 0.0225263294, -0.00164041994
    274, 0.0225263294, 0.00164041994
    275, 0.0225263294, 0.00492125982
    276, 0.0225263294, 0.00820210017
    277, 0.0225263294, 0.0114829401
    278, 0.0225334279,   0.01474314
    279, -0.00164041994, -0.0225263294
    280, 0.00492125982, -0.0225263294
    281, 0.00820210017, -0.0225263294
    282, 0.0147466138, -0.0225359742
    283, 0.0225321185, -0.0114821168
    284, -0.00820195954, -0.0225273166
    285, -0.0225263294, -0.00820210017
    286, -0.0225263294, -0.00492125982
    287, -0.00820210017, 0.0225263294
    288, -0.00492125982, 0.0225263294
    289,  0.022586247, -0.0147721246
    290, 0.0225272942, -0.00820196234
    291, 0.0225264896, -0.00492123701
    292, -0.0147576937, -0.0225612447
    293, -0.0114817424, -0.0225334391
    294, -0.00492123328, -0.0225265156
    295, -0.0225334279,  -0.01474314
    296,  -0.01474314, 0.0225334279
    297, -0.0227406304, -0.0205581374
    298, -0.0206796974, 0.0229802597
    299, 0.0206872132, -0.0229273718
    300, 0.0229802597, 0.0206796974
    301, 0.0339648128, 0.0366605446
    302, 0.0374627002, -0.0560221821
    303, 0.0365287885, -0.0344488174
    304, -0.0364921615, -0.0442946106
    305, -0.0130322259, 0.0338172577
    306, 0.00656167977, -0.0533725396
    307, -0.00982733071, 0.0337720588
    308, -0.00645282492,  0.033669807
    309, 0.000109361332, 0.0338026099
    310, 0.00322919711, 0.0338390879
    311, 0.00635915902, 0.0337574966
    312, -0.0339245163, 0.0366712436
    313, -0.0229091533,  0.033615455
    314, 0.00957898889, 0.0337311737
    315, -0.0333201066, -0.0528688096
    316, -0.0295795053, -0.0533085763
    317, -0.0262532327, -0.0533612967
    318, -0.0131233828, -0.053372521
    319, -0.00328083988, -0.0533725396
    320, 0.00328083988, -0.0533725396
    321, 0.0263101831, 0.0336403437
    322, -0.0229687355, -0.0533692352
    323, -0.0196858104, -0.0533717498
    324, -0.0195028707, 0.0336085632
    325, -0.0161517076, 0.0337284058
    326, -0.00304701249, 0.0337218605
    327, 0.0128643438,  0.033722017
    328,  0.016235685, 0.0336613618
    329, 0.0196378827, 0.0336479917
    330, 0.0229837392, 0.0336811282
    331, -0.0098425243, -0.0533725359
    332,           0., -0.0533725396
    333, 0.00984251965, -0.0533725396
    334, 0.0131233595, -0.0533725396
    335, 0.0164042003, -0.0533725396
    336, 0.0196850393, -0.0533725396
    337, 0.0295797102, -0.0532906242
    338, -0.0262788665, 0.0336274132
    339, 0.0331774764, -0.0528447181
    340, 0.0296505708, 0.0335981473
    341, -0.0065616807, -0.0533725396
    342, -0.0164043829, -0.0533723645
    343, 0.0229675733, -0.0533730909
    344, 0.0262821354, -0.0533592068
    345, -0.0295817796, 0.0336026959
    346, -0.0338172615, -0.013032225
    347, -0.0337720588, -0.00982733071
    348, -0.033669807, -0.00645282492
    349, -0.0338026099, 0.00010936131
    350, -0.0338390879, 0.00322919711
    351, -0.0337574966, 0.00635915902
    352,  0.033703208, -0.00308338203
    353, -0.0336874984, -0.0295275599
    354, -0.0337311737, 0.00957898889
    355, 0.0335714445,   0.02628663
    356, 0.0335971974, 0.0229160637
    357, 0.0336874984, -0.0262467191
    358, 0.0336874984, -0.0393700786
    359, 0.0336645581, -0.0426565893
    360, -0.0364266261, -0.0475882813
    361, -0.0366989486, -0.0536181256
    362,  0.033475168, -0.0492740646
    363, -0.0335657075,  0.026262369
    364, -0.0336874984, -0.0393700786
    365, -0.0336874984, -0.0360892378
    366, -0.0336874984, -0.0328084007
    367, -0.0336756632, -0.0262372326
    368, -0.0336026587, -0.022897888
    369, -0.033606533, -0.0195009727
    370, -0.0337280855, -0.0161513872
    371, -0.0337218605, -0.00304701249
    372, -0.033722017, 0.0128643438
    373, -0.0336613618,  0.016235685
    374, -0.0336479917, 0.0196378827
    375, -0.0336686894, 0.0229757689
    376, -0.0334601402, 0.0296291895
    377, 0.0336032063, 0.0195010751
    378, 0.0336888954, 0.0161454622
    379,  0.033805225, 0.000142270976
    380, 0.0337275788, -0.00982429273
    381, 0.0337986723, -0.0130109601
    382, 0.0336741358, -0.016260121
    383, 0.0336501226, -0.0196419563
    384, 0.0336893424, -0.0229738392
    385, 0.0336874984, -0.029527558
    386, 0.0335104279, -0.045979701
    387, 0.0332069322, 0.0333487839
    388, 0.0338395238, 0.00323468191
    389, 0.0337575711, 0.00636007311
    390, 0.0337292999, 0.0095943315
    391, 0.0337223858, 0.0128208417
    392, 0.0336480923, -0.0064194086
    393, -0.0364247747, -0.0508451723
    394, 0.0335074961, 0.0296568591
    395, -0.00984211825, -0.0253702253
    396,           0., -0.0253676176
    397, 0.0254447851, -5.46806659e-05
    398,  0.025462484, 0.00333408592
    399, 0.0253869072, 0.0066951327
    400, 0.0253583826, 0.00999569055
    401, 0.0253497101, 0.0132751847
    402, 0.0253263246, -0.00984008145
    403, 0.00328083988, -0.0253676176
    404, 0.0131204985, -0.0253692251
    405, -0.0254451875, -5.46806659e-05
    406, -0.025462551, 0.00333408592
    407, -0.0253872331, 0.00669260137
    408, -0.0253606588, 0.00999253057
    409, -0.0253591575, 0.0132955294
    410, -5.46806659e-05, 0.0254451875
    411, 0.00333408616,  0.025462551
    412, 0.00669260137, 0.0253872331
    413, 0.00999253057, 0.0253606588
    414, 0.0132955294, 0.0253591575
    415, 0.00984204281, -0.0253678858
    416, 0.00656160014, -0.0253676623
    417, -0.0253345259, -0.00984350313
    418, -0.00984350313, 0.0253345259
    419, -0.0253685322, -0.00343070552
    420, -0.00343070552, 0.0253685322
    421, 0.0253652036, -0.00343070156
    422, -0.00328083173, -0.0253676753
    423, -0.0254344847, -0.0131615382
    424, -0.0131615382, 0.0254344847
    425, 0.0252378751, -0.00668273587
    426, -0.00656157499, -0.0253683217
    427, -0.0252470858, -0.00668385765
    428, -0.00668385765, 0.0252470858
    429, -0.0131210368, -0.0253823884
    430, 0.0254327264, -0.0131752016
    431, 0.0253149047, 0.0164796859
    432, 0.0163665302, -0.0253887847
    433, -0.0253470652, -0.0164500549
    434, -0.0164500568, 0.0253470633
    435, -0.0254531596, 0.0164685324
    436, 0.0164685324, 0.0254531596
    437,  0.025479015, -0.0164322052
    438, -0.0163480397, -0.0254877713
    439, -0.0331246592, 0.0333669633
    440, -0.0194919799, 0.0253133085
    441, 0.0253044479, 0.0194982402
    442, -0.025118392, -0.019481875
    443, 0.0195629187, -0.0254983529
    444, -0.033610072, -0.042645596
    445, 0.0336874984, -0.0360892378
    446, 0.0194732621, 0.0259740483
    447, -0.0259740483, 0.0194732621
    448, 0.0259802714, -0.0194629282
    449, -0.0195111185, -0.025677558
    450, 0.0213347301, -0.0505366623
    451, -0.030831717, -0.0507451892
    452, 0.0280169789, -0.0505875945
    453, 0.0308888908, -0.0507510342
    454, -0.0113366907, 0.0315650627
    455, -0.0246131737, -0.0505524129
    456, -0.0245363731, 0.0307835899
    457, -0.000966545427, 0.0311272554
    458, -0.0279393718, -0.0505785048
    459, -0.0114829494, -0.050531242
    460, -0.00820210204, -0.0505312495
    461, -0.00164041994, -0.0505312495
    462, 0.0246390849,  0.030787183
    463, 0.0280489475, 0.0308683757
    464, -0.00492126029, -0.0505312495
    465, 0.00492125982, -0.0505312495
    466, 0.00164041994, -0.0505312495
    467, 0.0114829401, -0.0505312495
    468, 0.00168466801, 0.0316875055
    469, 0.00429600943, 0.0311894622
    470, 0.0074714967, 0.0310100578
    471, 0.0141343037, 0.0308641028
    472, 0.0107508078, 0.0309455078
    473, 0.0147637799, -0.0505312495
    474, -0.00814436655, 0.0306037478
    475, -0.0209325645, 0.0304105598
    476, -0.0180452801, -0.0505314022
    477, -0.0213294663, -0.0505374186
    478, 0.0177747477, 0.0305005107
    479, 0.0212609563, 0.0307989065
    480, -0.0147639289, -0.0505312383
    481, 0.00820210017, -0.0505312495
    482, -0.00433615688, 0.0309114009
    483, -0.0140609713, 0.0311378594
    484, 0.0180461649, -0.050532151
    485, -0.017341882, 0.0308508947
    486, -0.0279128812, 0.0308036208
    487, 0.0246673934, -0.0505766496
    488, 0.0306606442, 0.0244251136
    489, 0.0309286453, 0.0311074592
    490, -0.0315650627, -0.0113366907
    491, -0.0311272554, -0.000966545485
    492, 0.0311217625, -0.000967122091
    493, -0.0308445804, -0.0279140491
    494, 0.0305582006, -0.00814173371
    495, 0.0308360476, -0.0278741736
    496, -0.0302891396, -0.0210025553
    497, -0.0306442827, 0.0244789328
    498, -0.0300608184, 0.0279285852
    499, 0.0307793804, -0.0245639961
    500, -0.0316875055, 0.00168466801
    501, -0.0311894622, 0.00429600943
    502, -0.0310100578, 0.0074714967
    503, -0.0308641028, 0.0141343037
    504, -0.0309455078, 0.0107508078
    505, -0.0306037478, -0.00814436655
    506, 0.0310355537, -0.014173625
    507, 0.0315384343, -0.0113079427
    508, 0.0303845573, 0.0209159553
    509, 0.0308019985, -0.0410357527
    510,  0.030142732, -0.0477583669
    511, -0.0308462102, -0.0377296582
    512, -0.0308462102, -0.0344488174
    513, -0.0308459383, -0.0311724637
    514, -0.0307323094, -0.0246597715
    515, -0.0305005107, 0.0177747477
    516, -0.0307730176, 0.0212329347
    517, 0.0316870175, 0.00169223151
    518, 0.0305390581, -0.0177698787
    519, 0.0308054034, -0.0212450903
    520, 0.0306633543, -0.0442819111
    521, 0.0308928769, -0.00433630636
    522, 0.0311894659, 0.0042983368
    523, 0.0310075544, 0.00749231456
    524, 0.0309550948, 0.0107477168
    525, 0.0309226215, 0.0140118012
    526, -0.0309114009, -0.00433615688
    527, -0.0311378073, -0.0140609173
    528, 0.0307851788, 0.0173402671
    529, -0.0308302585, -0.0173531678
    530, 0.0301072374, 0.0279629547
    531, -0.0114822686, -0.0282133296
    532, 0.0285219625, -0.0114414571
    533,  0.028770715, 0.00165618735
    534, 0.0283327587, 0.00534494966
    535, 0.0282007307, 0.00869212858
    536, 0.0281558931, 0.0119784484
    537, -0.0285612606, -0.0114176795
    538, -0.0114176869, 0.0285612661
    539, 0.00164041994, -0.0282089077
    540, 0.0114823831, -0.0282092206
    541, -0.0287719816, 0.00165485672
    542, -0.0283337664, 0.00533791678
    543, -0.0282002669, 0.00868710224
    544, -0.028139675, 0.0120183788
    545, 0.00165485672, 0.0287719816
    546, 0.00533791678, 0.0283337664
    547, 0.00868710224, 0.0282002669
    548, 0.0120183788,  0.028139675
    549, 0.00820191391, -0.028209012
    550, 0.00492121559, -0.0282089319
    551, -0.00209211558, 0.0282895733
    552, -0.00164041773, -0.0282089226
    553, -0.0282895733, -0.00209211558
    554, 0.0282818507, -0.00209201407
    555, -0.00549555337, 0.0280056763
    556, -0.0280056763, -0.00549555337
    557, -0.00492123049, -0.0282091089
    558, 0.0279870313, -0.00549441064
    559,  0.027526278, -0.00832008384
    560, -0.00820189063, -0.0282102823
    561, -0.0275504589, -0.00831699185
    562, -0.00831699371, 0.0275504608
    563,   0.01475407, -0.0282143634
    564, 0.0280818809, 0.0152340876
    565, -0.0282152332, -0.0151259843
    566, -0.0151241142, 0.0282186791
    567, -0.0280105155, 0.0152629195
    568, 0.0152629195, 0.0280105155
    569,  0.028128067, -0.0151436869
    570, -0.0147691686, -0.0282635242
    571, -0.0334300287, -0.0459604524
    572, 0.0336874984, -0.0328084007
    573, -0.030828055, 0.0310662109
    574, 0.0218828395, 0.0235613436
    575, 0.0177684985, 0.0277037751
    576, -0.0235761479,  0.021862248
    577, -0.0277037751, 0.0177684985
    578, 0.0277417935, -0.0177334901
    579, 0.0235319138, -0.021804953
    580, -0.0212705005, -0.0229176525
    581, -0.0227420274, 0.0255154874
    582, 0.0255213231, 0.0226283483
    583, -0.0247175843, -0.022712959
    584, 0.0226736721, -0.025213005
    585, -0.0183728188, 0.0279458836
    586, 0.0279003829, 0.0183943156
    587, -0.0278473236, -0.0183981117
    588, 0.0180277824, -0.0283129327
    589, 0.0308352262, -0.0377370492
    590, -0.0307798777, -0.0409911573
    591, -0.0179580655, -0.0282889567
    592, -0.0334139504, -0.0492859744
    593, 0.0308380462, -0.0311577488
    594, -0.0300750416, -0.0477097593
    595, 0.0264583919, -0.0477815829
    596, -0.0264165439, -0.0477348603
    597, -0.00984252244, -0.0476899594
    598, -0.00328083988, -0.0476899594
    599, 0.00328083988, -0.0476899594
    600, 0.00656167977, -0.0476899594
    601, 0.0131233595, -0.0476899594
    602, -1.55168534e-11, -0.0476899594
    603, 0.00984251965, -0.0476899594
    604, -0.0065616807, -0.0476899594
    605, 0.0226129964, 0.0276118778
    606, -0.0131233903, -0.0476899557
    607, -0.0164047293, -0.047690507
    608, 0.0164062344, -0.0476887971
    609, 0.0197047144, -0.0476869419
    610, -0.0230598114, -0.047634311
    611, -0.0197110008, -0.0476726517
    612, 0.0230857413, -0.0476526991
    613, 0.0263131596, 0.0279951505
    614, -0.0230140258, 0.0284044556
    615, -0.0259691365,  0.027661575
    616, 0.0278870687, -0.0426203236
    617, 0.0279452316, -0.0261429418
    618, -0.0280806515, -0.0296459589
    619, -0.0278207809, -0.0235382244
    620, -0.0280332863, -0.0328520127
    621, -0.0281279553, -0.0265636221
    622, 0.0275685694, -0.0225396678
    623, -0.0279845893, -0.0360946953
    624, 0.0283528063, 0.0228289887
    625, -0.0275808517, 0.0224436726
    626, -0.0065616318, -0.0310505182
    627, 0.00984239578, -0.0310502667
    628, 0.00656162109, -0.0310502294
    629, 0.00328082265, -0.0310502071
    630, -2.08156381e-09, -0.0310502034
    631, -0.00984232314, -0.0310515109
    632, -0.00328082638, -0.0310502909
    633, 0.0131196966, -0.0310462769
    634, -0.0132005382, -0.0310777873
    635, -0.0306252595, -0.0442113504
    636, 0.0308415033, -0.034447711
    637, -0.0228735134, -0.0261254478
    638, 0.0197780915, 0.0285178237
    639, -0.028506441, 0.0197386239
    640, 0.0285270195, -0.0197502114
    641, 0.0216382425, -0.0287923366
    642, 0.0163512826, -0.0309955683
    643, 0.0280222613, -0.0453950353
    644, 0.0279106479, -0.0393594615
    645, -0.0279074609, -0.0393410325
    646, -0.0279642735, 0.0254346244
    647, 0.0276266113, 0.0252171997
    648, -0.0166217014, -0.0310749207
    649,  0.027969202, -0.029421933
    650, 0.0248987842, -0.044503931
    651, -0.0248791184, -0.0444792323
    652, 0.00164041994, -0.044848673
    653, 0.00820210017, -0.044848673
    654, -0.00492125982, -0.0448486693
    655, 0.00492125982, -0.044848673
    656, -0.00164041994, -0.044848673
    657, -0.00820210017, -0.0448486693
    658, 0.0114829401, -0.044848673
    659, -0.0114829466, -0.0448486693
    660, -0.0147639392, -0.0448488481
    661, -0.0180470143, -0.0448431149
    662,  0.014764403, -0.0448480621
    663, 0.0213116352, -0.0448392667
    664, 0.0180338081, -0.0448538996
    665, -0.0213017836, -0.0448283143
    666,  0.024791386, 0.0254027843
    667, 0.0253712088, -0.0246546492
    668, -0.0253347494, -0.0312809721
    669, -0.0255008172, -0.028108092
    670, -0.0251423661, -0.0344508886
    671, -0.00820204988, -0.0338427126
    672, -0.00164041738, -0.0338386223
    673, 0.00820206944, -0.033842396
    674, 0.00492124213, -0.0338304266
    675, 0.00164041424, -0.0338196158
    676, -0.00492124027, -0.0338217355
    677, 0.0114790732, -0.0338180102
    678, -0.0115410909, -0.0338281617
    679, -0.0278495904, -0.0425542556
    680, 0.0279494636, -0.0360761695
    681,  0.027962517, -0.032749638
    682, 0.0251096413, -0.0275345091
    683, -0.0255664866, 0.0245835222
    684, -0.0206101146, -0.0281142592
    685, 0.0191696994, -0.0309418831
    686, -0.019881431, -0.0306725055
    687, -0.0249331761, -0.0376786366
    688, -0.0149747813, -0.0338751078
    689,  0.014770817, -0.0337416939
    690, -0.0279691108, -0.0453378931
    691, -0.00656167977, -0.0420380235
    692, 0.00656167977, -0.0420407169
    693, 0.00328083988, -0.0420429483
    694, 3.34487854e-11, -0.0420456268
    695, -0.00328083988, -0.0420511812
    696, 0.0225011315, -0.0423185229
    697, -0.00984318368, -0.0420441963
    698, 0.00984223466, -0.0420457162
    699, -0.013122038, -0.0420371667
    700, 0.0131208971, -0.0420464426
    701, -0.0163735524, -0.0420538485
    702, -0.0224695262, -0.042326387
    703, 0.0196772907, -0.0420791097
    704, 0.0164078232, -0.0420520715
    705, -0.0196235552, -0.0421204939
    706, -0.0223306734, -0.0326660573
    707, -3.28739008e-10, -0.0365478769
    708, -0.00656166626, -0.036551021
    709, 0.00656167185, -0.0365550965
    710, 0.00328083453, -0.0365442112
    711, -0.00328083383, -0.0365475602
    712, -0.00985684525, -0.0365426764
    713, 0.00983987562, -0.0365464352
    714, 0.0250701755, -0.0376906991
    715, -0.0249412302, -0.0409535319
    716, 0.0249148719, -0.0309881419
    717, 0.0250599626, -0.0344362706
    718, -0.0258081295, -0.0254096687
    719, -0.0188134909, -0.0339948274
    720, 0.0249997545, -0.0409536585
    721, 0.0180360246, -0.0335722007
    722, -0.0220347662, -0.0358665511
    723, -0.0131836319, -0.036570143
    724, 0.0131256524, -0.0365159027
    725, 0.00164041901, -0.0392867699
    726, -0.0049212561, -0.0392885879
    727, -0.00164041854, -0.0392946005
    728, 0.0049212575, -0.0392898135
    729, -0.00820525829, -0.0392866842
    730, 0.00820132531, -0.0392895825
    731, 0.0218452867, -0.0392325297
    732, -0.0114936568, -0.0392831862
    733, 0.0114815533, -0.0392846353
    734, -0.0147674978, -0.0393291786
    735, 0.0181535091, -0.0392271876
    736,  0.014785503, -0.0392653458
    737, -0.0180407763, -0.0394355804
    738, 0.0226952396, -0.0361295454
    739, 0.0216173977, -0.0330186076
    740, -0.0165267587, -0.0367120132
    741, -0.0216319151, -0.0393497758
    742, 0.0164465401, -0.0364320353
    743, 0.0197989997, -0.036268685
    744, -0.019409541, -0.0370717496
    745, 0.0274927039, 0.0208531693
    746, -0.0209106822,  0.027517939
    747, -0.0271586441, -0.0210267454
    748,  0.036161717, -0.0536588617
    749, -0.0227552168, -0.0294945557