1, 179,  72, 178
  2, 239,  20, 218
  3, 154,  48, 153
  4, 240,  29, 222
  5, 189, 110, 188
  6, 170,  99, 100
  7, 150, 147,  92
  8, 215,  36, 136
  9, 254, 174,  67
 10, 148,  89,  90
 11, 524, 173,  88
 12, 149,  91, 147
 13, 274, 272, 147
 14, 269, 166, 167
 15, 232,  10,   9
 16, 168,  96,  97
 17, 234,  13,  12
 18, 405, 288, 295
 19, 239, 237,  19
 20, 406, 289, 296
 21, 290, 184, 289
 22, 310, 185, 290
 23, 242, 241,  25
 24, 242,  26, 131
 25, 203,  81, 202
 26, 435, 427, 324
 27, 381, 263, 277
 28, 240, 238,  28
 29, 382, 264, 278
 30, 265, 159, 264
 31, 266, 160, 265
 32, 244, 243,  34
 33, 244,  35, 132
 34, 163,  57, 162
 35, 251, 186,  63
 36, 211, 125, 210
 37, 198, 119, 197
 38, 407, 301, 304
 39, 408, 305, 306
 40, 409, 306, 307
 41, 410, 307, 308
 42, 411, 308, 309
 43, 309, 308, 192
 44, 231,  42, 230
 45, 253,   5,  87
 46, 152, 139,  46
 47, 373, 275, 259
 48, 428, 373, 374
 49, 153,  47, 139
 50, 155,  49, 154
 51, 156,  50, 155
 52, 157,  51, 156
 53, 158,  52, 157
 54, 159,  53, 158
 55, 160,  54, 159
 56, 161,  55, 160
 57, 162,  56, 161
 58, 267, 161, 266
 59, 164,  58, 163
 60, 268, 260, 165
 61, 165,  60,  59
 62, 141,  61, 140
 63, 260, 140, 165
 64,  88,  64,   7
 65, 524,  88,  89
 66, 273, 149, 272
 67, 149, 148,  90
 68, 254,  67,  66
 69, 175,  68, 174
 70, 176,  69, 175
 71, 177,  70, 176
 72, 311, 292, 177
 73, 178,  71, 177
 74, 180,  73, 179
 75, 181,  74, 180
 76, 182,  75, 181
 77, 183,  76, 182
 78, 184,  77, 183
 79, 185,  78, 184
 80, 201,  79, 185
 81, 202,  80, 201
 82, 315, 201, 310
 83, 204,  82, 203
 84, 205,  83, 204
 85, 206,  84, 205
 86, 374, 284, 316
 87, 207,  85, 206
 88, 232,   9, 135
 89, 446, 439, 332
 90, 269, 262, 166
 91, 167,  95, 151
 92, 486, 482, 439
 93, 483, 441, 482
 94, 168, 151,  96
 95, 169,  98, 146
 96, 335, 235, 333
 97, 236,  16,  15
 98, 170, 146,  99
 99, 246,  17,  16
100, 172, 102, 142
101, 171, 170, 100
102, 143, 142, 103
103, 325, 210, 209
104, 144, 143, 104
105, 145, 144, 105
106, 252,   8, 130
107, 107,   6,  63
108, 251,  63,  62
109, 187, 108, 186
110, 312, 251, 141
111, 188, 109, 187
112, 190, 111, 189
113, 191, 112, 190
114, 192, 113, 191
115, 193, 114, 192
116, 194, 115, 193
117, 195, 116, 194
118, 196, 117, 195
119, 197, 118, 196
120, 424, 334, 407
121, 199, 120, 198
122, 200, 121, 199
123, 208, 122, 200
124, 318, 208, 313
125, 209, 123, 208
126, 210, 124, 209
127, 257, 143, 144
128, 212, 126, 211
129, 213, 127, 212
130, 214, 128, 213
131, 131,  26,   3
132, 399, 276, 275
133, 132,  35,   4
134, 248, 132,   4
135, 133,   1,  18
136, 237,  18,  19
137, 134,   3,  27
138, 238,  27,  28
139, 135,   9,   1
140, 419, 412, 364
141, 136,  36,   2
142, 250, 136,   2
143, 137,   4,  44
144, 245,  44,  43
145, 172, 171, 101
146, 138,   2,  17
147, 139,  47,  46
148, 152,  46,  45
149, 260, 255, 140
150, 140,  61,  60
151, 448, 378, 375
152, 141,  62,  61
153, 142, 102, 103
154, 143, 103, 104
155, 144, 104, 105
156, 319, 211, 317
157, 145, 105, 106
158, 326, 212, 319
159, 252, 106,   8
160, 252, 145, 106
161, 236,  15, 217
162, 146,  98,  99
163, 147,  91,  92
164, 150,  92,  93
165, 291,  65, 173
166, 149,  90,  91
167, 272, 149, 147
168, 385, 272, 274
169, 166,  93,  94
170, 274, 150, 262
171, 234,  12, 216
172, 151,  95,  96
173, 253,  45,   5
174, 253, 152,  45
175, 275, 153, 259
176, 153,  48,  47
177, 276, 154, 275
178, 154,  49,  48
179, 277, 155, 276
180, 155,  50,  49
181, 381, 357, 346
182, 156,  51,  50
183, 278, 157, 263
184, 157,  52,  51
185, 223, 222,  30
186, 158,  53,  52
187, 224, 223,  31
188, 159,  54,  53
189, 225, 224,  32
190, 160,  55,  54
191, 243, 225,  33
192, 161,  56,  55
193, 279, 162, 267
194, 162,  57,  56
195, 391, 386, 279
196, 163,  58,  57
197, 400, 375, 268
198, 164,  59,  58
199, 165, 140,  60
200, 165,  59, 164
201, 166, 150,  93
202, 167, 166,  94
203, 167,  94,  95
204, 441, 343, 439
205, 169, 168,  97
206, 442, 333, 440
207, 169,  97,  98
208, 282, 146, 271
209, 171, 100, 101
210, 336, 217, 335
211, 283, 172, 261
212, 348, 236, 336
213, 172, 101, 102
214, 261, 142, 256
215, 173,  65,  64
216, 173,  64,  88
217, 321, 287, 175
218, 174,  68,  67
219, 287, 176, 175
220, 175,  69,  68
221, 292, 178, 177
222, 176,  70,  69
223, 311, 176, 287
224, 177,  71,  70
225, 293, 178, 292
226, 178,  72,  71
227, 294, 179, 293
228, 179,  73,  72
229, 295, 180, 294
230, 180,  74,  73
231, 405, 358, 345
232, 181,  75,  74
233, 296, 182, 288
234, 182,  76,  75
235, 219, 218,  21
236, 183,  77,  76
237, 220, 219,  22
238, 184,  78,  77
239, 221, 220,  23
240, 185,  79,  78
241, 186, 108, 107
242, 186, 107,  63
243, 312, 297, 187
244, 187, 109, 108
245, 298, 188, 297
246, 188, 110, 109
247, 299, 189, 298
248, 189, 111, 110
249, 300, 190, 299
250, 190, 112, 111
251, 245,  43, 231
252, 191, 113, 112
253, 230,  41, 229
254, 192, 114, 113
255, 229,  40, 228
256, 193, 115, 114
257, 228,  39, 227
258, 194, 116, 115
259, 227,  38, 226
260, 195, 117, 116
261, 226,  37, 215
262, 196, 118, 117
263, 423, 413, 355
264, 197, 119, 118
265, 302, 198, 301
266, 198, 120, 119
267, 303, 199, 302
268, 199, 121, 120
269, 423, 403, 303
270, 200, 122, 121
271, 241, 221,  24
272, 201,  80,  79
273, 322, 202, 315
274, 202,  81,  80
275, 323, 203, 322
276, 203,  82,  81
277, 324, 204, 323
278, 204,  83,  82
279, 450, 427, 365
280, 205,  84,  83
281, 525, 284, 152
282, 206,  85,  84
283, 525, 253,  86
284, 207,  86,  85
285, 313, 200, 303
286, 208, 123, 122
287, 318, 209, 208
288, 209, 124, 123
289, 379, 376, 257
290, 210, 125, 124
291, 257, 256, 143
292, 211, 126, 125
293, 433, 325, 318
294, 212, 127, 126
295, 526, 258, 145
296, 213, 128, 127
297, 526, 252, 129
298, 214, 129, 128
299, 215,  37,  36
300, 413, 301, 407
301, 216,  12,  11
302, 233,  11,  10
303, 217,  15,  14
304, 235,  14,  13
305, 218,  20,  21
306, 219,  21,  22
307, 220,  22,  23
308, 414, 289, 406
309, 221,  23,  24
310, 414, 404, 290
311, 241,  24,  25
312, 437, 310, 404
313, 222,  29,  30
314, 223,  30,  31
315, 224,  31,  32
316, 388, 264, 382
317, 225,  32,  33
318, 389, 265, 388
319, 243,  33,  34
320, 390, 266, 389
321, 304, 301, 197
322, 226,  38,  37
323, 305, 304, 196
324, 227,  39,  38
325, 306, 305, 195
326, 228,  40,  39
327, 307, 306, 194
328, 229,  41,  40
329, 308, 307, 193
330, 230,  42,  41
331, 309, 191, 300
332, 231,  43,  42
333, 356, 332, 232
334, 343, 233, 332
335, 233, 216,  11
336, 233,  10, 232
337, 441, 440, 344
338, 498, 497, 466
339, 235, 217,  14
340, 235,  13, 234
341, 286, 171, 283
342, 246,  16, 236
343, 237, 133,  18
344, 239,  19,  20
345, 238, 134,  27
346, 240,  28,  29
347, 296, 289, 183
348, 420, 349, 406
349, 278, 264, 158
350, 395, 350, 382
351, 242,  25,  26
352, 437, 430, 315
353, 431, 322, 430
354, 435, 431, 359
355, 244,  34,  35
356, 391, 267, 390
357, 400, 280, 386
358, 400, 386, 360
359, 415, 309, 300
360, 245, 137,  44
361, 445, 348, 443
362, 246, 138,  17
363, 247, 131,   3
364, 247,   3, 134
365, 248,   4, 137
366, 416, 299, 298
367, 454,   1, 249
368, 249,   1, 133
369, 250,   2, 138
370, 453, 362, 445
371, 251,  62, 141
372, 312, 141, 255
373, 252, 130, 129
374, 526, 129, 214
375, 253,  87,  86
376, 525,  86, 207
377, 291,  66,  65
378, 367, 148, 273
379, 455, 312, 255
380, 255, 141, 140
381, 469, 460, 377
382, 256, 142, 143
383, 258, 257, 144
384, 320, 258, 214
385, 258, 144, 145
386, 320, 214, 213
387, 259, 153, 139
388, 284, 259, 139
389, 268, 165, 164
390, 378, 260, 375
391, 362, 246, 348
392, 261, 172, 142
393, 393, 385, 274
394, 262, 150, 166
395, 263, 157, 156
396, 277, 156, 155
397, 264, 159, 158
398, 278, 158, 157
399, 389, 388, 341
400, 265, 160, 159
401, 390, 389, 342
402, 266, 161, 160
403, 391, 390, 352
404, 267, 162, 161
405, 280, 164, 163
406, 400, 363, 375
407, 281, 167, 151
408, 392, 383, 269
409, 270, 151, 168
410, 285, 168, 169
411, 271, 146, 170
412, 286, 170, 171
413, 368, 321, 174
414, 274, 147, 150
415, 458, 367, 452
416, 273, 148, 149
417, 393, 262, 383
418, 493, 477, 417
419, 369, 247, 134
420, 275, 154, 153
421, 394, 369, 357
422, 276, 155, 154
423, 394, 277, 276
424, 277, 263, 156
425, 395, 263, 381
426, 382, 350, 340
427, 391, 354, 386
428, 279, 163, 162
429, 280, 268, 164
430, 280, 163, 279
431, 281, 269, 167
432, 281, 151, 270
433, 285, 169, 282
434, 282, 169, 146
435, 283, 171, 172
436, 402, 397, 286
437, 284, 139, 152
438, 316, 206, 314
439, 444, 443, 336
440, 285, 270, 168
441, 502, 468, 499
442, 286, 271, 170
443, 476, 451, 418
444, 321, 175, 174
445, 288, 182, 181
446, 295, 181, 180
447, 289, 184, 183
448, 296, 183, 182
449, 414, 338, 404
450, 290, 185, 184
451, 291, 254,  66
452, 367, 291, 173
453, 418, 412, 293
454, 311, 177, 176
455, 412, 294, 293
456, 293, 179, 178
457, 419, 364, 358
458, 294, 180, 179
459, 419, 295, 294
460, 295, 288, 181
461, 420, 288, 405
462, 406, 349, 337
463, 455, 421, 297
464, 297, 188, 187
465, 370, 248, 137
466, 298, 189, 188
467, 422, 370, 361
468, 299, 190, 189
469, 422, 300, 299
470, 300, 191, 190
471, 301, 198, 197
472, 304, 197, 196
473, 423, 302, 413
474, 302, 199, 198
475, 423, 366, 403
476, 303, 200, 199
477, 305, 196, 195
478, 407, 334, 327
479, 306, 195, 194
480, 424, 305, 408
481, 307, 194, 193
482, 408, 329, 328
483, 308, 193, 192
484, 409, 330, 329
485, 309, 192, 191
486, 410, 331, 330
487, 415, 361, 347
488, 411, 347, 331
489, 437, 404, 339
490, 310, 201, 185
491, 417, 287, 321
492, 426, 311, 425
493, 312, 187, 186
494, 312, 186, 251
495, 325, 209, 318
496, 313, 208, 200
497, 314, 206, 205
498, 324, 205, 204
499, 437, 351, 430
500, 315, 202, 201
501, 316, 284, 207
502, 316, 207, 206
503, 317, 211, 210
504, 479, 429, 433
505, 438, 313, 403
506, 474, 438, 449
507, 434, 379, 320
508, 319, 212, 211
509, 379, 258, 320
510, 326, 320, 213
511, 368, 174, 254
512, 506, 465, 504
513, 431, 430, 353
514, 322, 203, 202
515, 435, 323, 431
516, 323, 204, 203
517, 435, 365, 427
518, 324, 314, 205
519, 489, 138, 372
520, 325, 317, 210
521, 326, 213, 212
522, 436, 319, 432
523, 327, 226, 215
524, 355, 327, 215
525, 328, 228, 227
526, 334, 328, 227
527, 329, 229, 228
528, 329, 228, 328
529, 330, 230, 229
530, 330, 229, 329
531, 331, 231, 230
532, 331, 230, 330
533, 332, 233, 232
534, 356, 232, 135
535, 333, 235, 234
536, 344, 234, 216
537, 334, 227, 226
538, 334, 226, 327
539, 444, 335, 442
540, 335, 217, 235
541, 397, 387, 271
542, 336, 236, 217
543, 337, 218, 219
544, 338, 337, 219
545, 338, 219, 220
546, 339, 338, 220
547, 339, 220, 221
548, 351, 339, 221
549, 340, 222, 223
550, 341, 340, 223
551, 341, 223, 224
552, 342, 341, 224
553, 342, 224, 225
554, 352, 342, 225
555, 398, 270, 384
556, 343, 216, 233
557, 344, 333, 234
558, 344, 216, 343
559, 345, 237, 239
560, 349, 345, 239
561, 346, 238, 240
562, 350, 346, 240
563, 347, 245, 231
564, 347, 231, 331
565, 402, 283, 377
566, 348, 246, 236
567, 349, 239, 218
568, 349, 218, 337
569, 350, 240, 222
570, 350, 222, 340
571, 351, 221, 241
572, 353, 351, 241
573, 352, 225, 243
574, 354, 352, 243
575, 353, 241, 242
576, 359, 353, 242
577, 354, 243, 244
578, 360, 354, 244
579, 355, 215, 136
580, 366, 355, 136
581, 371, 356, 135
582, 457, 446, 356
583, 357, 134, 238
584, 357, 238, 346
585, 358, 133, 237
586, 358, 237, 345
587, 359, 242, 131
588, 365, 359, 131
589, 360, 244, 132
590, 363, 360, 132
591, 361, 137, 245
592, 361, 245, 347
593, 380, 256, 376
594, 362, 138, 246
595, 363, 132, 248
596, 448, 363, 248
597, 364, 249, 133
598, 364, 133, 358
599, 365, 131, 247
600, 450, 373, 428
601, 366, 136, 250
602, 449, 366, 250
603, 524, 367, 173
604, 458, 368, 254
605, 488, 458, 452
606, 401, 272, 385
607, 472, 373, 450
608, 369, 134, 357
609, 447, 416, 421
610, 370, 137, 361
611, 454, 135,   1
612, 425, 287, 417
613, 433, 429, 325
614, 372, 138, 362
615, 374, 373, 259
616, 472, 450, 247
617, 374, 259, 284
618, 428, 316, 314
619, 448, 421, 378
620, 375, 260, 268
621, 376, 256, 257
622, 479, 433, 474
623, 377, 283, 261
624, 380, 377, 261
625, 455, 378, 421
626, 378, 255, 260
627, 379, 257, 258
628, 434, 320, 326
629, 380, 261, 256
630, 459, 376, 434
631, 395, 381, 346
632, 394, 381, 277
633, 388, 382, 340
634, 395, 382, 278
635, 383, 262, 269
636, 392, 269, 281
637, 384, 270, 285
638, 396, 285, 282
639, 456, 417, 321
640, 393, 274, 262
641, 386, 280, 279
642, 386, 354, 360
643, 387, 282, 271
644, 397, 271, 286
645, 388, 265, 264
646, 388, 340, 341
647, 389, 266, 265
648, 389, 341, 342
649, 390, 267, 266
650, 390, 342, 352
651, 391, 279, 267
652, 391, 352, 354
653, 398, 392, 281
654, 464, 461, 392
655, 465, 383, 461
656, 470, 393, 465
657, 394, 357, 381
658, 399, 394, 276
659, 395, 278, 263
660, 395, 346, 350
661, 396, 384, 285
662, 396, 282, 387
663, 402, 286, 283
664, 468, 402, 460
665, 398, 281, 270
666, 466, 384, 462
667, 399, 369, 394
668, 399, 275, 373
669, 400, 268, 280
670, 400, 360, 363
671, 488, 456, 368
672, 401, 273, 272
673, 491, 445, 485
674, 468, 463, 397
675, 438, 433, 318
676, 403, 313, 303
677, 404, 310, 290
678, 404, 338, 339
679, 420, 405, 345
680, 419, 405, 295
681, 414, 406, 337
682, 420, 406, 296
683, 413, 407, 327
684, 424, 407, 304
685, 424, 408, 328
686, 409, 408, 306
687, 409, 329, 408
688, 410, 409, 307
689, 410, 330, 409
690, 411, 410, 308
691, 411, 331, 410
692, 415, 411, 309
693, 418, 293, 292
694, 451, 364, 412
695, 413, 302, 301
696, 413, 327, 355
697, 414, 290, 289
698, 414, 337, 338
699, 415, 347, 411
700, 422, 415, 300
701, 422, 416, 370
702, 421, 416, 298
703, 477, 475, 425
704, 456, 321, 368
705, 476, 418, 426
706, 426, 292, 311
707, 419, 358, 405
708, 419, 294, 412
709, 420, 296, 288
710, 420, 345, 349
711, 421, 298, 297
712, 448, 447, 421
713, 422, 361, 415
714, 422, 299, 416
715, 423, 303, 302
716, 423, 355, 366
717, 424, 304, 305
718, 424, 328, 334
719, 487, 457, 371
720, 425, 311, 287
721, 487, 476, 475
722, 426, 418, 292
723, 427, 314, 324
724, 450, 428, 427
725, 428, 374, 316
726, 428, 314, 427
727, 432, 317, 429
728, 429, 317, 325
729, 430, 322, 315
730, 430, 351, 353
731, 431, 323, 322
732, 431, 353, 359
733, 492, 434, 436
734, 432, 319, 317
735, 438, 318, 313
736, 479, 478, 429
737, 434, 376, 379
738, 436, 434, 326
739, 435, 324, 323
740, 435, 359, 365
741, 436, 326, 319
742, 473, 436, 432
743, 437, 315, 310
744, 437, 339, 351
745, 449, 438, 403
746, 489, 474, 449
747, 439, 343, 332
748, 446, 332, 356
749, 440, 333, 344
750, 441, 344, 343
751, 514, 496, 510
752, 510, 497, 498
753, 467, 387, 463
754, 442, 335, 333
755, 443, 348, 336
756, 444, 336, 335
757, 511, 495, 501
758, 501, 495, 467
759, 485, 443, 480
760, 445, 362, 348
761, 457, 356, 371
762, 494, 486, 446
763, 447, 248, 370
764, 447, 370, 416
765, 448, 375, 363
766, 448, 248, 447
767, 449, 403, 366
768, 489, 250, 138
769, 450, 365, 247
770, 472, 247, 369
771, 451, 249, 364
772, 451, 412, 418
773, 452, 367, 273
774, 452, 273, 401
775, 469, 380, 459
776, 453, 372, 362
777, 454, 371, 135
778, 454, 249, 451
779, 455, 297, 312
780, 455, 255, 378
781, 488, 368, 458
782, 471, 401, 385
783, 487, 454, 476
784, 504, 461, 496
785, 458, 254, 291
786, 458, 291, 367
787, 459, 380, 376
788, 500, 492, 473
789, 460, 402, 377
790, 469, 377, 380
791, 461, 383, 392
792, 464, 392, 398
793, 462, 384, 396
794, 467, 396, 387
795, 463, 387, 397
796, 468, 397, 402
797, 466, 464, 398
798, 497, 496, 464
799, 508, 475, 477
800, 465, 393, 383
801, 466, 398, 384
802, 498, 462, 495
803, 484, 442, 481
804, 467, 462, 396
805, 517, 499, 505
806, 502, 501, 463
807, 500, 459, 492
808, 522, 500, 507
809, 521, 519, 503
810, 470, 385, 393
811, 520, 488, 401
812, 471, 385, 470
813, 472, 369, 399
814, 472, 399, 373
815, 478, 473, 432
816, 509, 507, 478
817, 490, 479, 474
818, 474, 433, 438
819, 475, 426, 425
820, 477, 425, 417
821, 476, 454, 451
822, 476, 426, 475
823, 493, 417, 456
824, 519, 508, 477
825, 478, 432, 429
826, 523, 509, 453
827, 490, 474, 489
828, 509, 479, 490
829, 480, 443, 444
830, 484, 444, 442
831, 481, 442, 440
832, 483, 440, 441
833, 482, 441, 439
834, 486, 439, 446
835, 512, 510, 498
836, 483, 481, 440
837, 513, 511, 501
838, 484, 480, 444
839, 515, 502, 499
840, 485, 445, 443
841, 494, 446, 457
842, 514, 504, 496
843, 508, 487, 475
844, 487, 371, 454
845, 488, 452, 401
846, 520, 401, 471
847, 489, 449, 250
848, 490, 489, 372
849, 490, 372, 453
850, 523, 453, 491
851, 505, 469, 500
852, 491, 453, 445
853, 492, 459, 434
854, 492, 436, 473
855, 520, 493, 456
856, 503, 471, 470
857, 516, 457, 508
858, 527, 504, 518
859, 495, 462, 467
860, 501, 467, 463
861, 496, 461, 464
862, 497, 464, 466
863, 498, 466, 462
864, 510, 496, 497
865, 511, 498, 495
866, 512, 498, 511
867, 499, 468, 460
868, 505, 460, 469
869, 500, 469, 459
870, 507, 500, 473
871, 502, 463, 468
872, 513, 501, 502
873, 517, 515, 499
874, 515, 513, 502
875, 520, 503, 493
876, 506, 470, 465
877, 518, 504, 514
878, 504, 465, 461
879, 522, 517, 505
880, 505, 499, 460
881, 519, 516, 508
882, 506, 503, 470
883, 507, 473, 478
884, 523, 517, 522
885, 508, 457, 487
886, 519, 477, 493
887, 509, 478, 479
888, 509, 490, 453
889, 510, 483, 482
890, 514, 510, 482
891, 511, 484, 481
892, 512, 511, 481
893, 512, 481, 483
894, 512, 483, 510
895, 513, 480, 484
896, 513, 484, 511
897, 514, 482, 486
898, 518, 514, 486
899, 515, 485, 480
900, 515, 480, 513
901, 527, 521, 506
902, 516, 494, 457
903, 517, 491, 485
904, 517, 485, 515
905, 518, 486, 494
906, 527, 494, 516
907, 519, 493, 503
908, 521, 503, 506
909, 520, 456, 488
910, 520, 471, 503
911, 527, 506, 504
912, 521, 516, 519
913, 522, 505, 500
914, 523, 522, 507
915, 523, 507, 509
916, 523, 491, 517
917, 524,  89, 148
918, 524, 148, 367
919, 525, 207, 284
920, 525, 152, 253
921, 526, 214, 258
922, 526, 145, 252
923, 527, 518, 494
924, 527, 516, 521